	ratings
1	60
2	10
3	60
4	50
5	10
6	10
7	50
8	100
9	50
10	60
11	100
12	50
13	100
14	60
15	50
16	100
17	5
18	35
19	10
20	10
21	30
22	5
23	30
24	10
25	5
26	5
27	25
28	60
29	5
30	20
31	10
32	30
33	20
34	50
35	60
36	60
37	90
38	90
39	80
40	90
41	100
42	100
43	80
44	100
45	100
46	100
47	100
48	100
49	14
50	20
51	40
52	40
53	35
54	20
55	50
56	40
57	50
58	40
59	40
60	80
61	100
62	100
63	100
64	100
65	0
66	10
67	30
68	40
69	20
70	0
71	30
72	20
73	10
74	40
75	30
76	70
77	30
78	60
79	50
80	100
81	11
82	14
83	42
84	67
85	31
86	26
87	69
88	49
89	45
90	70
91	52
92	78
93	50
94	46
95	45
96	100
97	50
98	50
99	50
100	50
101	50
102	50
103	50
104	85
105	50
106	50
107	50
108	95
109	50
110	50
111	50
112	100
113	10
114	13
115	32
116	28
117	41
118	36
119	45
120	62
121	50
122	56
123	53
124	74
125	50
126	50
127	66
128	100
129	23
130	0
131	13
132	39
133	14
134	10
135	50
136	69
137	34
138	22
139	28
140	92
141	74
142	33
143	50
144	100
145	0
146	0
147	25
148	50
149	20
150	20
151	55
152	75
153	25
154	60
155	30
156	85
157	35
158	30
159	70
160	100
161	10
162	20
163	15
164	0
165	51
166	9
167	40
168	35
169	11
170	37
171	20
172	70
173	75
174	100
175	27
176	100
177	35
178	0
179	55
180	50
181	0
182	0
183	60
184	70
185	5
186	50
187	10
188	100
189	20
190	30
191	70
192	100
193	0
194	0
195	40
196	0
197	12
198	8
199	55
200	10
201	14
202	15
203	73
204	86
205	80
206	100
207	75
208	100
209	12
210	0
211	32
212	64
213	18
214	12
215	52
216	68
217	49
218	75
219	51
220	87
221	90
222	92
223	98
224	99
225	18
226	53
227	39
228	19
229	45
230	17
231	30
232	19
233	21
234	9
235	25
236	25
237	7
238	15
239	7
240	35
241	0
242	0
243	0
244	0
245	0
246	0
247	0
248	0
249	0
250	0
251	0
252	0
253	0
254	0
255	54
256	100
257	10
258	25
259	50
260	25
261	65
262	55
263	65
264	77
265	51
266	68
267	85
268	85
269	100
270	100
271	100
272	100
273	10
274	20
275	15
276	25
277	50
278	60
279	70
280	60
281	65
282	75
283	65
284	85
285	100
286	100
287	100
288	100
289	0
290	7
291	14
292	5
293	24
294	5
295	52
296	65
297	9
298	39
299	77
300	89
301	75
302	78
303	70
304	90
305	0
306	0
307	0
308	0
309	9
310	9
311	9
312	70
313	8
314	37
315	0
316	26
317	19
318	11
319	95
320	61
321	1
322	4
323	55
324	78
325	19
326	15
327	71
328	86
329	10
330	62
331	28
332	92
333	44
334	35
335	73
336	100
337	0
338	10
339	10
340	0
341	30
342	0
343	50
344	10
345	27
346	35
347	30
348	60
349	25
350	100
351	75
352	100
353	0
354	0
355	0
356	25
357	0
358	0
359	0
360	30
361	0
362	0
363	0
364	80
365	0
366	0
367	0
368	100
369	15
370	10
371	30
372	28
373	30
374	10
375	41
376	48
377	29
378	36
379	17
380	50
381	99
382	100
383	100
384	100
385	0
386	0
387	0
388	0
389	25
390	0
391	25
392	0
393	0
394	0
395	25
396	80
397	0
398	100
399	0
400	100
401	0
402	0
403	0
404	83
405	0
406	0
407	0
408	100
409	0
410	0
411	0
412	100
413	100
414	100
415	100
416	100
417	50
418	50
419	82
420	100
421	50
422	50
423	80
424	100
425	50
426	81
427	50
428	100
429	50
430	50
431	85
432	100
433	59
434	18
435	16
436	31
437	66
438	82
439	30
440	60
441	27
442	55
443	73
444	28
445	100
446	99
447	100
448	100
449	31
450	91
451	88
452	32
453	82
454	31
455	33
456	83
457	27
458	27
459	65
460	36
461	15
462	86
463	33
464	100
465	0
466	0
467	0
468	0
469	0
470	20
471	0
472	20
473	31
474	31
475	10
476	10
477	100
478	98
479	100
480	49
481	0
482	0
483	0
484	0
485	0
486	0
487	35
488	50
489	0
490	30
491	25
492	50
493	0
494	0
495	100
496	100
497	20
498	10
499	15
500	7
501	70
502	50
503	59
504	75
505	80
506	91
507	90
508	94
509	100
510	100
511	100
512	100
513	0
514	0
515	0
516	0
517	0
518	0
519	0
520	0
521	16
522	56
523	46
524	75
525	64
526	69
527	90
528	100
529	0
530	1
531	0
532	0
533	0
534	0
535	0
536	0
537	0
538	0
539	0
540	0
541	0
542	0
543	0
544	0
545	0
546	0
547	0
548	0
549	0
550	0
551	0
552	0
553	0
554	0
555	0
556	0
557	0
558	0
559	100
560	100
561	13
562	65
563	25
564	16
565	83
566	39
567	34
568	77
569	32
570	84
571	97
572	31
573	97
574	99
575	94
576	94
577	0
578	0
579	0
580	0
581	0
582	1
583	0
584	0
585	50
586	50
587	50
588	0
589	100
590	100
591	100
592	100
593	0
594	20
595	20
596	0
597	40
598	10
599	40
600	10
601	90
602	90
603	100
604	100
605	70
606	80
607	70
608	80
609	0
610	0
611	0
612	0
613	0
614	0
615	0
616	0
617	0
618	0
619	0
620	0
621	100
622	100
623	100
624	100
625	45
626	81
627	74
628	45
629	30
630	39
631	46
632	31
633	26
634	35
635	41
636	46
637	35
638	37
639	25
640	62
641	0
642	0
643	0
644	0
645	0
646	0
647	0
648	0
649	0
650	0
651	0
652	0
653	100
654	0
655	0
656	100
657	8
658	51
659	51
660	8
661	59
662	24
663	59
664	24
665	68
666	68
667	70
668	70
669	100
670	100
671	99
672	100
673	15
674	50
675	60
676	0
677	40
678	40
679	40
680	90
681	50
682	80
683	40
684	90
685	80
686	100
687	95
688	100
689	0
690	30
691	10
692	0
693	50
694	50
695	50
696	50
697	18
698	50
699	50
700	16
701	100
702	100
703	100
704	98
705	15
706	40
707	70
708	20
709	70
710	20
711	70
712	30
713	20
714	35
715	70
716	85
717	100
718	100
719	100
720	100
721	0
722	0
723	0
724	0
725	0
726	0
727	0
728	10
729	0
730	10
731	0
732	0
733	100
734	45
735	100
736	75
737	0
738	0
739	0
740	0
741	0
742	0
743	0
744	0
745	0
746	0
747	0
748	0
749	0
750	100
751	100
752	0
753	34
754	25
755	37
756	19
757	35
758	20
759	45
760	32
761	60
762	67
763	75
764	63
765	100
766	99
767	100
768	100
769	0
770	55
771	67
772	0
773	65
774	5
775	81
776	8
777	7
778	81
779	70
780	0
781	100
782	100
783	100
784	100
785	10
786	0
787	40
788	45
789	41
790	40
791	40
792	70
793	20
794	60
795	20
796	90
797	60
798	30
799	70
800	100
801	5
802	12
803	12
804	10
805	51
806	77
807	12
808	80
809	44
810	63
811	68
812	34
813	100
814	100
815	100
816	100
817	0
818	0
819	0
820	0
821	0
822	0
823	0
824	22
825	0
826	0
827	0
828	0
829	0
830	0
831	100
832	100
833	0
834	0
835	0
836	0
837	0
838	0
839	0
840	0
841	0
842	0
843	0
844	0
845	37
846	30
847	73
848	100
849	0
850	22
851	0
852	0
853	50
854	50
855	89
856	93
857	0
858	0
859	79
860	100
861	100
862	100
863	100
864	100
865	0
866	0
867	0
868	0
869	0
870	0
871	15
872	10
873	0
874	0
875	10
876	50
877	50
878	85
879	60
880	100
881	47
882	55
883	50
884	47
885	44
886	44
887	47
888	47
889	51
890	48
891	47
892	47
893	42
894	47
895	50
896	46
897	0
898	0
899	0
900	0
901	50
902	50
903	75
904	100
905	100
906	100
907	100
908	99
909	100
910	100
911	100
912	100
913	6
914	5
915	8
916	42
917	10
918	20
919	50
920	85
921	78
922	80
923	35
924	86
925	100
926	100
927	100
928	100
929	0
930	0
931	0
932	0
933	0
934	25
935	0
936	0
937	0
938	0
939	0
940	0
941	0
942	0
943	100
944	100
945	0
946	6
947	9
948	12
949	21
950	17
951	54
952	62
953	36
954	30
955	48
956	93
957	38
958	42
959	72
960	100
